name ac_a4_off
        3368     1529      496      316      495      323
        496     1135      499      318      494     1139
        497      320      496      321      497      318
        495     1136      499     1133      498      319
        497      319      494      321      496     1136
        496     1137      499      317      494      324
        493      324      494      321      497      321
        493      321      493      325      495      320
        490      327      494      321      494      322
        495      321      492      325      494     1137
        497      320      494      322      491      326
        492      324      490      326      493      323
        492      326      493     1138      496      318
        492      326      494      322      493      323
        493     1138      495      322      490      326
        492      325      490      326      490      327
        490      325      490 

        name ac_a4_on
        3369     1529      505      304      498      319
        509     1119      529      292      498     1132
        510      308      509      306      499      319
        498     1133      511     1117      514      306
        497      321      496      322      497     1132
        501     1131      500      317      500      316
        495      321      498      318      500      316
        498      319      497      320      497      319
        509      305      498      320      499      315
        498      320      494      322      497     1134
        496      320      498      319      497      319
        506      310      497      319      493      326
        494      321      494     1137      498      318
        498      319      498      320      497      318
        497      319      497     1135      507     1134
        499     1124      508     1124      509     1124
        508     1123      508      308      500      319
        497      319      497     1135      499      317
        496      322      495      320      495      321
        496      320      491      325      495      321
        497      319      495     1135      498     1149
        486      317      496      321      496     1131
        504      319      494      321      497      320
        497      318      495     1135      498      320
        507      310      497     1129      503      320
        493      323      496      319      494      323
        497      318      497      320      495      322
        496     1131      517      306      494      319
        496      321      495      320      495      323
        495      321      495      322      494      321
        495      321      495      319      497      322
        493      323      495      320      495      322
        495      321      494      322      495      321
        494      323      496      320      492      324
        495      321      493      323      494      322
        493      323      493      324      494      322
        493      323      493      323      494      323
        486      329      493      324      489     1142
        495      322      493     1138      495     1150
        484      321      486     1146      494      323
        491     1140      494 

        name tv_sala_On
        3561     1637      526      343      451     1287
        453      453      417      453      446      425
        421      449      497      374      420      452
        418      449      421      449      420      452
        420      452      418      452      503     1208
        455      444      419      452      417      458
        492      378      490      369      418      456
        440      433      417     

        name tv_sala_Off
        3551     1640      450      469      479     1208
        455      451      418      458      493      376
        498      372      499      370      419      459
        491      375      496      375      500      367
        499      374      498      373      498     1205
        539      368      501      368      497      376
        497      372      416      457      493      379
        498      336      537      365      500      373
        499     1214      528      334      551      358
        493      375      503      365      500      375
        501      365      500      373      502      367
        502     1208      532      332      537     1211
        535     1205      536     1210      533     1199
        541      360      510      332      537     1207
        533      334      535     1206      538     1209
        532     1205      537     1205      537      332
        537     1204      537

        name tv_sala_mute
        3559     1625      537      339      533     1304
        356      455      499      367      500      372
        421      450      501      369      494      376
        494      379      416      454      496      374
        415      459      414      450      486     1224
        532      371      493      375      418      455
        501      366      426      448      422      447
        424      412      533      370      420      451
        495     1210      454      454      498      372
        419      452      418      419      450      423
        523      376      494      378      419      452
        500      392      479     1203      531      344
        531      375      416     1288      456     1282
        456      450      422      450      419      452
        494     1253      414      451      417      453
        419     1285      532     1209      457      416
        452     1298      440 

      name tv_netflix
        3506     1695      474      393      479     1263
        475      393      478      393      478      393
        478      393      478      391      479      393
        478      391      483      388      477      392
        478      393      480      393      476     1266
        475      393      479      390      481      391
        481      392      477      390      476      395
        480      394      476      394      475      395
        477     1267      475     1263      476      391
        481      422      446     1267      478      390
        480      391      479      391      478      393
        475      394      478     1261      481      393
        479      392      478     1262      477     1263
        482     1264      476     1260      479     1262
        478     1260      481      392      481     1259
        478     1259      484     1263      478     1260
        481      393      476

        name ac_salaProf_on
        9133     4408      732     1579      728      473
        731      481      726     1581      729     1574
        739     1578      727     1567      742      474
        730      477      732      469      738     1572
        737     1573      728      521      686      475
        733      476      727      474      732      473
        742      470      737      470      730      474
        733     1583      729     1569      742     1569
        740      471      734      467      734      477
        734      467      731      482      736     1577
        732      468      738     1568      737      471
        737      472      728     1577      732      477
        731    19902      744     1576      725      477
        730      472      737      471      735      472
        735      472      730      473      737      473
        735     1575      731      471      740      468
        736      466      740      468      734      475
        735      470      739      467      739      467
        733      475      741      465      750      456
        744      461      746      518      686      464
        752      453      751      499      700      463
        741      456      748      460      743     1564
        755     1563      752     1567      739     1562
        745     

      name ac_salaProf_off
        9081     4405      736     1565      743      461
        746      459      745      458      753     1560
        744     1564      745     1562      745      458
        737      470      736      466      745     1563
        742     1572      734      469      735      472
        735      471      736      470      729      478
        731      475      733      473      736      471
        734     1580      731     1572      739      463
        738      468      738      471      736      472
        735      472      735      519      688     1579
        729      470      738     1571      734      471
        735      468      739     1578      731      474
        732    19905      748     1565      745      463
        739      465      743      460      758      452
        739      466      745      462      743      462
        743     1563      749     1565      740      461
        746      460      748      461      747      458
        744      461      744      495      717      451
        751      461      746      462      743      462
        747      459      745      461      748      457
        744      463      746      460      748      458
        746      463      744      461      746     1564
        742     1565      747     1562      744      457
        749     

     name tv_sala_HOME-btn
     3487     1704      476      396      481     1257
      453      417      479      392      479      388
      481      396      474      394      476      395
      451      419      452      418      478      393
      452      418      477      393      479     1256
      460      416      453      419      477      392
      479      392      453      418      479      390
      454      417      478      391      475      396
      478     1261      455     1288      480      390
      479      391      481     1259      477      395
      476      395      477      393      453      418
      478     1260      454      416      482     1260
      474      398      452     1287      454      421
      480      387      478     1262      480      391
      478      392      454     1283      459     1285
      455     1286      479      394      452      418
      451      419      452    
     

     name tv_sala_OnOff
      453   
     

     name tv_sala_OnOff
      581   
     

     name tv_sala_OnOff3
     3467     1733      474      387      446     1293
      453      418      449      424      466      409
      445      427      445      431      442      423
      447      423      448      422      468      400
      451      421      447      424      447     1291
      451      421      475      397      449      421
      448      422      473      394      452      422
      450      420      451      421      447      422
      448     1291      450      423      449      422
      449      420      444      428      446      424
      447      424      447      423      444      428
      446     1291      451      420      449     1286
      454     1291      475     1266      449     1306
      438      420      448      421      449     1337
      422      406      446     1291      452     1289
      451     1291      449     1288      477      398
      448     1290      450    
     

     name ac_laese_off
      178    14385     3538     1654      514      359
      509     1229      509      378      493      361
      507      363      508      362      503      366
      508      363      506      362      508      363
      506      363      507      363      507      362
      506     1246      497      358      509      364
      507      363      506      361      509      363
      506      364      506      364      505     1234
      507     1243      497     1229      510      361
      507      363      507     1232      507      362
      508      363      504      365      507      363
      506      363      519      352      505      364
      507      363      506      362      508      363
      507      364      500      371      504      364
      505      364      508      361      506      364
      505      377      495      362      506      364
      505      363      504      368      506      364
      506      363      505      365      505      364
      505      364      504      366      505      364
      519      351      504      363      508     1233
      506     1234      505      366      505      364
      505      365      505      364      504      362
      510    10316     3545     1694      480      363
      504     1236      504      365      505      364
      519      352      503      366      504      365
      504      366      503      367      504      365
      504      366      503      368      503      365
      504     1234      505      378      494      364
      498      383      493      366      503      366
      503      367      502      368      503     1236
      505     1233      502     1250      493      365
      504      366      502     1235      505      367
      503      366      503      367      503      366
      505      366      503      367      503      378
      492      366      503      367      501      369
      502      367      501      369      502      389
      483      366      501      369      499      376
      492      372      501     1252      489     1234
      503      367      503      368      502      368
      501      368      502      368      501      368
      502      369      500     1249      492      366
      496      374      502      368      501      368
      501      368      502      369      501      369
      501      369      501      369      500     1232
      521     1224      502     1236      502      369
      500      370      501     1237      502     1235
      505     1248      492      368      500      369
      500      371      500      369      500      369
      501      392      478      369      501      369
      500      371      499      368      499      372
      513      357      498      371      498      371
      500      370      500      370      499      370
      500      370      499     1243      500     1239
      500      383      485      369      493      377
      499      371      498      371      500      370
      500      370      499      371      500      370
      500      371      500     1232      520     1222
      502      369      499      372      498      371
      501      370      499      370      498      371
      499      370      499      371      501      370
      497      384      489      369      498      372
      498      371      499      371      499      370
      499      395      477      370      498     1239
      501      370      498      372      512      358
      498      371      498      371      500      370
      499     1239      501      369      500      371
      500      369      499      371      499      370
      500      382      490      368      492      378
      498      370      500      370      499      370
      501      369      498      373      500      370
      496      368      507      369      495      372
      441      431      499      369      499      371
      499     1239      500     1239      500      371
      500      369      500     

     name ac_laese_on
     3520     1670      509      363      504     1234
      506      366      502      367      504      365
      505      365      513      355      507      366
      503      383      488      363      505      365
      504      366      504      365      504     1234
      508      363      505      365      502      367
      505      367      502      368      515      354
      502      367      503     1235      504     1235
      500     1238      505      366      503      367
      502     1248      494      365      502      368
      502      367      510      361      501      367
      502      369      500      370      502      367
      503      367      502      368      502      368
      514      355      500      365      507      366
      503      368      501      369      502      367
      501      368      504      367      502      367
      501      369      502      364      507      378
      492      365      501      369      502      368
      501      369      502      368      500      369
      501      369      501     1238      501     1234
      506      363      511      356      509      364
      499      368      511      363      501    10317
     3545     1689      486      364      500     1240
      503      367      502      367      502      368
      504      366      500      369      503      368
      500      369      497      373      500      370
      501      368      502      367      503     1236
      501      370      503      366      505      370
      497      372      501      369      499      371
      502      386      485     1234      501     1238
      502     1233      505      369      499      370
      501     1241      501      368      515      354
      499      370      500      370      499      371
      499      371      498      371      499      371
      499      370      499      371      500      370
      501      369      501      383      489     1230
      506      369      500      371      497      372
      500     1237      502     1238      502      369
      497      373      514      356      499      370
      500      369      425      446      496      373
      424     1314      502      369      500      367
      427      445      500      371      499      383
      490      367      500      369      499      370
      500      370      498     1237      507     1235
      501     1239      501      370      511      359
      501     1237      500     1236      507     1236
      502      368      501      370      496      371
      506      366      501      385      487      367
      498      371      503      367      499      370
      502      367      502      368      502      367
      504      366      501      370      501      367
      499      371      516      355      500      368
      499     1240      503     1236      504      367
      501      369      424      442      503      370
      502      368      424      458      493      365
      501      368      423      446      502      368
      502     1233      509     1233      504      366
      503      367      502      368      514      356
      501      368      503      367      500      370
      500      370      501      368      503      367
      503      366      501      369      501      369
      503      367      502      384      488      363
      500      370      501     1237      506      366
      503      365      502      368      503      367
      514      357      502      368      498     1240
      507      364      503      366      504      366
      503      367      502      368      503      367
      502      367      501      365      507      366
      504      366      503      382      490      366
      502      366      504      366      503      366
      503      367      502     1232      509      366
      504      365      505      365      504     1247
      494     1233      503      367      501      369
      504